     36830302010       0  724149     280      -1             249         2800249       728314.46      1036302.35       8
    249845573010       0  724149     429      -1              67         4290067       728296.06      1036301.64      -1
     50467573010       0  724149     284      -1               4         2840004       728273.22      1036293.30      -1
    249845570010       0  724149     429      -1              64         4290064       728299.88      1036303.30      -1
     50467570010       0  724149     284      -1               1         2840001       728312.43      1036305.96      -1
    249845572010       0  724149     429      -1              66         4290066       728296.17      1036302.34      -1
    253676320010       0  724149     442      -1             130         4420130       728273.33      1036302.58      -1
     36830309010       0  724149     280      -1             256         2800256       728283.77      1036292.51       8
    249845574010       0  724149     429      -1              68         4290068       728295.61      1036302.13      -1
    249845582010       0  724149     429      -1              76         4290076       728284.45      1036298.52      -1
    253676346010       0  724149     442      -1             156         4420156       728273.95      1036300.68      -1
    249845571010       0  724149     429      -1              65         4290065       728299.66      1036303.86      -1
     36830366010       0  724149     280      -1             202         2800202       728274.14      1036289.94       8
    249845581010       0  724149     429      -1              75         4290075       728284.63      1036297.96      -1
    226709638010       0  724149     361      -1              32         3610032       728274.53      1036303.60      -1
    259346328010       1  724149     446      -1              46         4460046       728283.33      1036305.75      -1
    259346330010       1  724149     446      -1              48         4460048       728274.77      1036303.59      -1
    259346331010       1  724149     446      -1              49         4460049       728274.93      1036303.11      -1
