
 | >################################################ |    2800253     253    1036274.06     728308.49    |                                                   |
 | ------------------------------------------------- |    2800250     250    1036277.23     728322.04    | ------------------------------------------------- |
 | %% Budova  #1 na parcele 6/1 (st.) id=824950209   |    2870361     361    1036275.11     728322.82    | %% Hranice parcely  23/6 (poz.)  id=51484097010   |
 | ------------------------------------------------- |    2870358     358    1036252.65     728332.26    | ------------------------------------------------- |
 |    2861228    1228    1036271.50     728303.38    |    2861212    1212    1036249.34     728324.38    |    3490006       6    1036311.15     728231.02    |
 |    2800253     253    1036274.06     728308.49    |    2861222    1222    1036242.42     728307.92    |    3490007       7    1036297.60     728200.12    |
 |    2800252     252    1036278.86     728307.05    |    2861224    1224    1036245.94     728306.44    |    3490014      14    1036274.33     728213.87    |
 |    2861230    1230    1036275.92     728301.17    |    2861232    1232    1036242.59     728298.44    |    3490051      51    1036275.40     728215.16    |
 |    2800254     254    1036277.46     728300.40    |    2861234    1234    1036252.35     728294.33    |    3490052      52    1036279.03     728220.00    |
 |    2800255     255    1036272.15     728289.79    |                                                   |    3490013      13    1036282.25     728225.11    |
 |    2800256     256    1036292.51     728283.77    | ------------------------------------------------- |    3490012      12    1036284.67     728229.10    |
 |    2800202     202    1036289.94     728274.14    | %% Hranice parcely  5 (st.)   id=3094435209       |    3490011      11    1036289.48     728237.87    |
 |    2861247    1247    1036266.18     728277.25    | ------------------------------------------------- |    3490004       4    1036291.44     728241.83    |
 |    2800263     263    1036267.09     728280.99    |    2800211     211    1036233.73     728270.64    |    3490010      10    1036293.77     728246.90    |
 |    2800262     262    1036269.15     728285.55    |    2800205     205    1036235.87     728269.21    |    3610031      31    1036297.13     728255.18    |
 |    2800261     261    1036263.85     728288.14    |    2861252    1252    1036247.43     728265.40    |    3610035      35    1036300.28     728253.93    |
 |                                                   |    2800225     225    1036253.89     728263.27    |    3610030      30    1036317.95     728246.90    |
 | ------------------------------------------------- |    2840003       3    1036255.25     728266.68    |    3490131     131    1036315.01     728240.07    |
 | %% Budova  #1 na parcele 7/1 (st.) id=825057209   |    2800261     261    1036263.85     728288.14    |                                                   |
 | ------------------------------------------------- |    2861228    1228    1036271.50     728303.38    | ------------------------------------------------- |
 |    2870358     358    1036252.65     728332.26    |    2861229    1229    1036255.71     728302.34    | %% Hranice parcely  178/4 (poz.)  id=57723612010  |
 |    2861212    1212    1036249.34     728324.38    |    2861234    1234    1036252.35     728294.33    | ------------------------------------------------- |
 |    2861219    1219    1036271.80     728314.94    |    2861232    1232    1036242.59     728298.44    |    3730011      11    1036315.63     728312.46    |
 |    2870361     361    1036275.11     728322.82    |    2861224    1224    1036245.94     728306.44    |    3490001       1    1036314.22     728308.27    |
 |                                                   |    2861222    1222    1036242.42     728307.92    |    2730040      40    1036307.25     728311.70    |
 | ------------------------------------------------- |    2861221    1221    1036237.40     728310.03    |    2840001       1    1036305.96     728312.43    |
 | %% Budova  #1 na parcele 5 (st.) id=825056209     |    2861227    1227    1036235.35     728303.76    |    3730010      10    1036307.46     728316.85    |
 | ------------------------------------------------- |    2861236    1236    1036234.57     728292.98    |                                                   |
 |    2861246    1246    1036239.24     728279.44    |                                                   | ------------------------------------------------- |
 |    2800205     205    1036235.87     728269.21    | ------------------------------------------------- | %% Hranice parcely  11 (st.)   id=3094442209      |
 |    2861252    1252    1036247.43     728265.40    | %% Hranice parcely  2/1 (poz.)  id=55741459010    | ------------------------------------------------- |
 |    2861249    1249    1036250.81     728275.63    | ------------------------------------------------- |    2870349     349    1036255.88     728373.35    |
 |                                                   |    2861238    1238    1036346.36     728292.31    |    2600019      19    1036250.97     728363.79    |
 | ------------------------------------------------- |    3610028      28    1036332.99     728262.80    |    2861179    1179    1036253.01     728344.66    |
 | %% Budova  #1 na parcele 11 (st.) id=825035209    |    3610033      33    1036326.16     728265.56    |    2861191    1191    1036263.25     728338.31    |
 | ------------------------------------------------- |    3610034      34    1036306.47     728273.39    |    2600021      21    1036269.90     728336.97    |
 |    2861186    1186    1036264.71     728340.40    |    3610032      32    1036303.60     728274.53    |    2861190    1190    1036274.65     728339.23    |
 |    2861181    1181    1036266.75     728344.39    |    3490002       2    1036307.23     728285.75    |    2861180    1180    1036277.46     728344.42    |
 |    2861182    1182    1036268.05     728343.73    |    3490001       1    1036314.22     728308.27    |    2600004       4    1036276.20     728358.32    |
 |    2861170    1170    1036273.02     728353.47    |    2730041      41    1036316.97     728306.92    |    2870350     350    1036269.77     728363.07    |
 |    2861168    1168    1036264.50     728357.83    |                                                   |                                                   |
 |    2861176    1176    1036259.52     728348.09    | ------------------------------------------------- | ------------------------------------------------- |
 |    2861177    1177    1036261.53     728347.06    | %% Hranice parcely  2/2 (poz.)  id=55741460010    | %% Hranice parcely  4/11 (poz.)  id=19529671010   |
 |    2861184    1184    1036259.49     728343.06    | ------------------------------------------------- | ------------------------------------------------- |
 |                                                   |    3610032      32    1036303.60     728274.53    |    3730005       5    1036315.67     728365.50    |
 | >################################################ |    3610034      34    1036306.47     728273.39    |    3650019      19    1036286.98     728377.37    |
 |                                                   |    3610033      33    1036326.16     728265.56    |    3650018      18    1036280.03     728331.59    |
 | >################################################ |    3610030      30    1036317.95     728246.90    |    3730010      10    1036307.46     728316.85    |
 | ------------------------------------------------- |    3610035      35    1036300.28     728253.93    |    3730009       9    1036309.74     728326.59    |
 | %% Hranice parcely  6/1 (st.)   id=3094436209     |    3610031      31    1036297.13     728255.18    |    3730008       8    1036311.71     728336.42    |
 | ------------------------------------------------- |    3490009       9    1036297.53     728256.17    |    3730007       7    1036313.37     728346.26    |
 |    2800251     251    1036280.33     728327.07    |    3490003       3    1036300.73     728265.64    |    3730006       6    1036314.69     728356.17    |
 |    2800250     250    1036277.23     728322.04    |                                                   |                                                   |
 |    2800253     253    1036274.06     728308.49    | ------------------------------------------------- | ------------------------------------------------- |
 |    2861228    1228    1036271.50     728303.38    | %% Hranice parcely  2/3 (poz.)  id=55741461010    | %% Hranice parcely  4/10 (poz.)  id=3924931209    |
 |    2800261     261    1036263.85     728288.14    | ------------------------------------------------- | ------------------------------------------------- |
 |    2800262     262    1036269.15     728285.55    |    3610028      28    1036332.99     728262.80    |    3650019      19    1036286.98     728377.37    |
 |    2800263     263    1036267.09     728280.99    |    3610029      29    1036324.57     728244.23    |    2600023      23    1036263.48     728388.15    |
 |    2861247    1247    1036266.18     728277.25    |    3610030      30    1036317.95     728246.90    |    2870347     347    1036262.57     728386.38    |
 |    2800202     202    1036289.94     728274.14    |    3610033      33    1036326.16     728265.56    |    2870349     349    1036255.88     728373.35    |
 |    2800256     256    1036292.51     728283.77    |                                                   |    2870350     350    1036269.77     728363.07    |
 |    2800249     249    1036302.35     728314.46    | ------------------------------------------------- |    2600004       4    1036276.20     728358.32    |
 |                                                   | %% Hranice parcely  2/4 (poz.)  id=55741458010    |    2861180    1180    1036277.46     728344.42    |
 | ------------------------------------------------- | ------------------------------------------------- |    2861190    1190    1036274.65     728339.23    |
 | %% Hranice parcely  284 (poz.)  id=29603396010    |    3610029      29    1036324.57     728244.23    |    2600021      21    1036269.90     728336.97    |
 | ------------------------------------------------- |    2861259    1259    1036321.49     728237.43    |    3650018      18    1036280.03     728331.59    |
 |    2840004       4    1036293.30     728273.22    |    3490131     131    1036315.01     728240.07    |                                                   |
 |    2840001       1    1036305.96     728312.43    |    3610030      30    1036317.95     728246.90    | ------------------------------------------------- |
 |    2800249     249    1036302.35     728314.46    |                                                   | %% Hranice parcely  276 (poz.)  id=19529657010    |
 |    2800256     256    1036292.51     728283.77    | ------------------------------------------------- | ------------------------------------------------- |
 |    2800202     202    1036289.94     728274.14    | %% Hranice parcely  23/2 (poz.)  id=3094668209    |    2870358     358    1036252.65     728332.26    |
 |                                                   | ------------------------------------------------- |    2861212    1212    1036249.34     728324.38    |
 | ------------------------------------------------- |    2861252    1252    1036247.43     728265.40    |    2861222    1222    1036242.42     728307.92    |
 | %% Hranice parcely  13/1 (poz.)  id=3094658209    |    2800205     205    1036235.87     728269.21    |    2861221    1221    1036237.40     728310.03    |
 | ------------------------------------------------- |    3490130     130    1036230.43     728251.41    |    2861217    1217    1036241.60     728322.94    |
 |    2800263     263    1036267.09     728280.99    |    3490076      76    1036276.96     728233.74    |    2861214    1214    1036242.06     728324.35    |
 |    2800262     262    1036269.15     728285.55    |    3490089      89    1036281.88     728242.78    |    2861215    1215    1036244.68     728323.24    |
 |    2800261     261    1036263.85     728288.14    |    3490075      75    1036286.84     728253.59    |    2861204    1204    1036246.08     728328.51    |
 |    2840003       3    1036255.25     728266.68    |    2730042      42    1036283.72     728254.51    |    2861194    1194    1036246.52     728334.84    |
 |    2800225     225    1036253.89     728263.27    |    2800225     225    1036253.89     728263.27    |                                                   |
 |    2730042      42    1036283.72     728254.51    |                                                   | ------------------------------------------------- |
 |    3490075      75    1036286.84     728253.59    | ------------------------------------------------- | %% Hranice parcely  12/1 (poz.)  id=3094657209    |
 |    2840002       2    1036289.61     728261.78    | %% Hranice parcely  23/3 (poz.)  id=51484094010   | ------------------------------------------------- |
 |    2840004       4    1036293.30     728273.22    | ------------------------------------------------- |    2861192    1192    1036244.81     728335.55    |
 |    2800202     202    1036289.94     728274.14    |    3490076      76    1036276.96     728233.74    |    2861214    1214    1036242.06     728324.35    |
 |    2861247    1247    1036266.18     728277.25    |    3490077      77    1036274.53     728229.74    |    2861215    1215    1036244.68     728323.24    |
 |                                                   |    3490090      90    1036269.31     728221.96    |    2861204    1204    1036246.08     728328.51    |
 | ------------------------------------------------- |    3490078      78    1036264.42     728216.36    |    2861194    1194    1036246.52     728334.84    |
 | %% Hranice parcely  7/1 (st.)   id=3094438209     |    3490129     129    1036216.67     728236.43    |                                                   |
 | ------------------------------------------------- |    2800207     207    1036219.88     728236.92    | >################################################ |
 |    2861229    1229    1036255.71     728302.34    |    2800206     206    1036229.92     728249.75    |                                                   |
 |    2861228    1228    1036271.50     728303.38    |    3490130     130    1036230.43     728251.41    |   . . . .                                         |
